,DB00997,DB00526,DB00544,DB00853,DB00515,DB00441,DB00317,DB08865,DB01229,DB00987,DB00530,DB00675,DB00619,DB00072,DB00254,DB00188,DB00813,DB01698,DB00398,DB01259,DB00958,DB09078,DB01248,DB01101,DB01234,DB08881,DB09330,DB08916,DB00773,DB00563,DB00541,DB00877,DB00002,DB12257,DB01590,DB06287,DB11651,DB00661,DB00136,DB00361,DB00947,DB00248,DB01200,DB00945,DB08899,DB00305,DB00396,DB01268,DB00635,DB01128,DB00252,DB01262,DB01042,DB04115,DB06641,DB09053,DB04690,DB00531,DB09063,DB01204,DB01217,DB00914,DB02546,DB11885,DB09074,DB07232,DB16101,DB00860,DB00818,DB00694,DB12565,DB15588
DB00997,1.0,0.202418159747703,0.10890655402346601,0.1678362716593378,0.0,0.2814699843903005,0.199176709236666,0.18385542391076862,0.26874531051903855,0.273147983863499,0.19042088613053396,0.16048217085700786,0.16192236278835684,0.537078568120175,0.33303977684016434,0.1678362716593378,0.2064113218862204,0.2735132772181132,0.13294613760468715,0.19446320144486856,0.15538619377310117,0.23175871747841115,0.2641770687603426,0.29343059613624234,0.32300105540767277,0.16995639281750152,0.2411408164541228,0.17934873511036284,0.32138199230281367,0.14024885950870325,0.2757310177260549,0.2254885150568321,0.537078568120175,0.0,0.23054084926172008,0.23762590166504466,0.12575445656392525,0.19042088613053396,0.1414737636344159,0.27714866726455073,0.21100998983696245,0.21430758352231616,0.2687453105190386,0.26647587071133005,0.18863168484588788,0.23497078032307295,0.20143682408616567,0.20435099191637854,0.2853216618208743,0.20140352599120537,0.17711588977924012,0.2660520182548503,0.1678362716593378,0.2274758319767105,0.12036162814275589,0.1671470027444025,0.2608271965655488,0.09135849464367088,0.17021704690879258,0.25578273379169253,0.10176568762666317,0.15699645640568982,0.18271698928734176,0.22202651789344288,0.17765058047422005,0.2409474029306915,0.23077487353158946,0.29912880961054616,0.2878368312517019,0.9210778600054462,0.18280093920644486,0.18280093920644486
DB00526,0.202418159747703,0.9999999999999998,0.14673479641335552,0.1507556722888818,0.0,0.16854996561581048,0.08257228238447703,0.11009637651263604,0.16093017145509597,0.1752499093081954,0.062197041357112286,0.07207499701564471,0.10577717706958902,0.3323340504622175,0.14245072057454744,0.09045340337332908,0.2022599587389726,0.1364877726081535,0.0597081434026532,0.09981302570118993,0.3721936841593883,0.13878184541334224,0.15819461514694905,0.14642685316435566,0.17407765595569782,0.055512738165336896,0.1019294382875251,0.1487044791289829,0.15745916432444335,0.05598925109558542,0.10768262306348698,0.1918806447200494,0.3323340504622175,0.0,0.18637095747658097,0.1829510163408919,0.14119562368122623,0.031098520678556143,0.19767387315371676,0.10823626487770477,0.13538259026847058,0.12833175058483634,0.20691022044226626,0.1305582419667734,0.08471737420873575,0.1507556722888818,0.19738550848793068,0.08471737420873575,0.18090680674665816,0.09045340337332908,0.1818181818181818,0.20483662259967567,0.11306675421666135,0.09430419201928972,0.14414999403128942,0.1910828816514149,0.2049975944300979,0.16412198797244362,0.15289415743128765,0.11487593716012254,0.03656362120635653,0.12087344460380703,0.12309149097933272,0.05698028822981897,0.2030905986149808,0.16648178955300671,0.18844459036110223,0.1791244302079596,0.10341753799900381,0.2068350759980076,0.1194162868053064,0.149270358506633
DB00544,0.10890655402346601,0.14673479641335552,0.9999999999999999,0.16222142113076252,0.0,0.1813690625275029,0.14808721943977307,0.17770466332772766,0.09895413919905867,0.15086285728094284,0.06692744814102546,0.07755667343294811,0.08536655898367082,0.3188075408103868,0.12262786789699316,0.09733285267845751,0.10882143751650175,0.14686837386151166,0.1284985132406471,0.13425540338526365,0.15018785229652765,0.08960215366342483,0.09727207661715949,0.2521013966653018,0.15609763526361564,0.2688064609902745,0.10968169942141634,0.16001422411879948,0.11295649894498098,0.12049504662575557,0.11587244366483036,0.11470786693528087,0.3188075408103868,0.0,0.11141412945539658,0.10936965981495177,0.15193428136569098,0.06692744814102546,0.030386856273138196,0.1164681928033949,0.11654330934961299,0.16571045299983223,0.1731697435983527,0.1404878717372541,0.21270799391196737,0.12977713690461,0.14159846508095772,0.24309485018510557,0.12977713690461,0.16222142113076252,0.2445579940222592,0.146943671674129,0.12166606584807188,0.10147651372376074,0.07755667343294811,0.08812102431690699,0.1260506983326509,0.08830215713766958,0.13710212427677043,0.16481712868606582,0.07868894753646336,0.08671099695241198,0.13245323570650436,0.18394180184548975,0.3121952705272313,0.17914359097500465,0.20277677641345315,0.1284985132406471,0.11128297681493143,0.11128297681493143,0.09637388493048532,0.09637388493048532
DB00853,0.1678362716593378,0.1507556722888818,0.16222142113076252,0.9999999999999999,0.0,0.22360679774997896,0.1597524126056734,0.18257418583505533,0.1715608916241802,0.23249527748763854,0.12892765578234916,0.1494035761667992,0.21926450482675727,0.41212312956417035,0.236227795630767,0.25,0.22360679774997896,0.1358036190637778,0.19802950859533483,0.12414088329035519,0.11572751247156893,0.2531580199220389,0.16864463002406882,0.21853931903038443,0.16839382851364082,0.1841149235796647,0.21128856368212912,0.1643989873053573,0.13055824196677335,0.20890725544918332,0.17857142857142852,0.1237436867076458,0.41212312956417035,0.0,0.137360563948689,0.13483997249264842,0.23414645289542346,0.12892765578234916,0.09365858115816939,0.17948953965443454,0.13470397652008115,0.1702513061517497,0.2096855342073314,0.2525907427704613,0.18731716231633877,0.24999999999999997,0.19094065395649332,0.18731716231633877,0.175,0.15,0.1507556722888818,0.2830692585361489,0.18749999999999994,0.07819290527140303,0.059761430466719674,0.22633936510629635,0.19425717247145283,0.034020690871988585,0.1479019945774904,0.15875015875023812,0.18190171877724967,0.1670382761952652,0.17010345435994292,0.1417366773784602,0.19245008972987523,0.27607881518711636,0.15624999999999997,0.173275820020918,0.17149858514250882,0.17149858514250882,0.19802950859533483,0.14852213144650112
DB00515,0.0,0.0,0.0,0.0,1.0000000000000002,0.0,0.05270462766947299,0.05270462766947299,0.0,0.0,0.0,0.0,0.05063696835418334,0.03919001878945916,0.054554472558998104,0.0,0.0,0.0,0.05716619504750295,0.047781848256749665,0.08908708063747481,0.0531494003452734,0.0,0.0,0.0,0.0531494003452734,0.0,0.047457899787624956,0.0,0.0,0.0,0.04082482904638631,0.03919001878945916,0.0,0.0,0.0,0.0,0.0,0.0,0.0,0.0,0.04914731871829905,0.0,0.0,0.0,0.0,0.0,0.0,0.0,0.0,0.0,0.0,0.07216878364870323,0.0,0.0,0.0,0.0,0.07856742013183862,0.048795003647426664,0.0,0.0,0.0,0.0,0.0,0.0,0.0,0.0,0.0,0.0,0.0,0.0,0.0
DB00441,0.2814699843903005,0.16854996561581048,0.1813690625275029,0.22360679774997896,0.0,1.0,0.1632993161855452,0.20412414523193148,0.204598301841142,0.7538191051195527,0.11531640100361064,0.1336306209562122,0.17650452162436564,0.4813666914889585,0.23241742005034205,0.17888543819998318,0.19999999999999998,0.24293289905367485,0.15498260496951666,0.16655247229446116,0.17251638983558856,0.16467739391852368,0.20112045694619726,0.36921640634860897,0.25819888974716115,0.18526206815833915,0.22677868380553634,0.20218402107579708,0.19462473604038075,0.2283750695977849,0.17569105537498345,0.18973665961010278,0.4813666914889585,0.0,0.23036066881273173,0.21105794120443452,0.16754156331667822,0.09225312080288851,0.14659886790209342,0.16054032476698396,0.20080483222562476,0.17131207221604822,0.204598301841142,0.16137430609197573,0.18848425873126295,0.22360679774997896,0.17078251276599332,0.2303696495604325,0.20124611797498107,0.15652475842498528,0.20225995873897257,0.5570066518960167,0.1956559480312316,0.13987572123604708,0.08017837257372731,0.22268849079920192,0.282341957795995,0.09128709291752769,0.15118578920369088,0.22718473369882594,0.1355815361366601,0.17928429140015903,0.18257418583505539,0.1690308509457033,0.23668231560156439,0.2222391592461577,0.1956559480312316,0.22140372138502384,0.1533929977694741,0.26843774609657967,0.17712297710801905,0.17712297710801905
DB00317,0.199176709236666,0.08257228238447703,0.14808721943977307,0.1597524126056734,0.05270462766947299,0.1632993161855452,0.9999999999999997,0.29999999999999993,0.12529036043768352,0.14856672599230308,0.5837637722948997,0.19639610121239312,0.2882306768491569,0.47683435477592595,0.08625819491779428,0.1460593486680443,0.22453655975512463,0.16529490122682156,0.2711630722733202,0.4835183081723996,0.08451542547285165,0.3697609549990479,0.12316062408839397,0.3014639334060611,0.12297746456210362,0.2857243743174461,0.2931763649279745,0.6153077308173558,0.19069251784911845,0.13561270072416207,0.20865621238292043,0.15491933384829665,0.47683435477592595,0.0,0.1630102053370437,0.14770978917519925,0.20519567041703085,0.2448041625752806,0.10259783520851543,0.22283706466455747,0.18035210484058706,0.1554174680400523,0.18097496507665395,0.15811388300841897,0.1709963920141924,0.1460593486680443,0.09960238411119947,0.15389675281277315,0.09128709291752768,0.20083160441856093,0.08257228238447703,0.1653796461189446,0.1369306393762915,0.26648544566940835,0.15275252316519466,0.18182439134950373,0.19506489808627483,0.12422599874998831,0.24688535993934702,0.11593472394004206,0.19926334924652137,0.12198750911856662,0.17391639824998364,0.3967876966218537,0.24595492912420724,0.16129556770910236,0.1369306393762915,0.09038769075777339,0.12524485821702988,0.1878672873255448,0.1988529196671015,0.07231015260621872
DB08865,0.18385542391076862,0.11009637651263604,0.17770466332772766,0.18257418583505533,0.05270462766947299,0.20412414523193148,0.29999999999999993,0.9999999999999997,0.13921151159742612,0.2122381799890044,0.16947980485980965,0.13093073414159542,0.19215378456610463,0.4367047308591401,0.17251638983558856,0.16431676725154984,0.1632993161855452,0.14876541110413938,0.23500799597021085,0.2568691012165873,0.0563436169819011,0.2689170581811257,0.15052965166359264,0.23053124319287027,0.14054567378526128,0.3193390065900868,0.18516401995451026,0.2851426069641405,0.15891043154093204,0.18646746349572282,0.1956151991089879,0.1678292783356547,0.4367047308591401,0.0,0.17554945190143165,0.16001893827313257,0.20519567041703085,0.18831089428867737,0.13679711361135388,0.18351287678257672,0.19674775073518588,0.13987572123604705,0.20881726739613915,0.15811388300841897,0.1880960312156116,0.16431676725154987,0.11952286093343936,0.15389675281277315,0.12780193008453877,0.16431676725154984,0.11009637651263604,0.22739701341354882,0.1369306393762915,0.19034674690672024,0.10910894511799618,0.24794235184023233,0.17733172553297713,0.09938079899999065,0.3857583749052297,0.06956083436402524,0.177122977108019,0.0975900072948533,0.07453559924999299,0.241522945769824,0.28109134757052257,0.20161945963637795,0.1369306393762915,0.12654276706088277,0.2191785018798023,0.18786728732554478,0.12654276706088274,0.14462030521243743
DB01229,0.26874531051903855,0.16093017145509597,0.09895413919905867,0.1715608916241802,0.0,0.204598301841142,0.12529036043768352,0.13921151159742612,0.9999999999999999,0.17727598712973544,0.12583221237211148,0.236951850387359,0.2407501692775223,0.48701184159074806,0.20173664619648224,0.24399771253216745,0.20459830184114203,0.1518722901902783,0.19629491013896927,0.12620871481070603,0.14118624160050353,0.21057946967096725,0.8686990835304701,0.22217955809063075,0.2494610901255934,0.14038631311397817,0.21910418644624854,0.17549427369736506,0.19909945245071203,0.2265461887154396,0.2505333655464219,0.19409899176618917,0.48701184159074806,0.0,0.18852560660029855,0.20562903028816626,0.14282799726001058,0.12583221237211148,0.14282799726001058,0.22992394477045242,0.1780320865910524,0.16876002510510266,0.2325581395348837,0.3081578172139684,0.18567639643801376,0.18299828439912558,0.19966749769191652,0.18567639643801379,0.19824814143238606,0.12199885626608373,0.20691022044226626,0.20720475471299116,0.1906232129157558,0.12719260014977865,0.1275894579008856,0.20709857753219768,0.23699152863000614,0.062257280636469035,0.18043874177926345,0.15493870239670618,0.07397267214553091,0.16302782918784445,0.2282766956670531,0.12968784398345287,0.19076436303721847,0.2357690978448659,0.19062321291575582,0.2415937355556545,0.18307302333807945,0.28768617953126774,0.2415937355556545,0.19629491013896927
DB00987,0.273147983863499,0.1752499093081954,0.15086285728094284,0.23249527748763854,0.0,0.7538191051195527,0.14856672599230308,0.2122381799890044,0.17727598712973544,1.0,0.11990028442779209,0.1389425035941821,0.18352066281439183,0.47945915852711485,0.24165612634006073,0.18599622199011082,0.20795009796401454,0.2946878675818802,0.13812277665483924,0.1731730146489101,0.14349920066683505,0.17122340098907804,0.1742625780188712,0.45163875217714483,0.20134681656420728,0.1926263261127128,0.2161438102702613,0.19110994086122907,0.24283339755490585,0.2590397350658073,0.16606805534831323,0.19727878476642874,0.47945915852711485,0.0,0.2235497770177629,0.20377276933717503,0.21775177815467112,0.09592022754223367,0.10887588907733556,0.1669218813123451,0.1670295381318647,0.17812181099872781,0.21273118455568255,0.1677890138035061,0.1742014225237369,0.2092457497388747,0.1522038868295523,0.1742014225237369,0.18599622199011082,0.13949716649258312,0.1752499093081954,0.579147939141922,0.23249527748763854,0.14543584966911588,0.11115400287534567,0.21049133398705727,0.2709832513062869,0.0949157995752499,0.15719549837837185,0.23621543814299706,0.16916516233038026,0.18641092980036,0.1898315991504998,0.15378117130731137,0.24609055357847553,0.2053984663852387,0.20343336780168372,0.2071841649822589,0.15949044456578,0.23923566684867004,0.1841637022064523,0.1611432394306458
DB00530,0.19042088613053396,0.062197041357112286,0.06692744814102546,0.12892765578234916,0.0,0.11531640100361064,0.5837637722948997,0.16947980485980965,0.12583221237211148,0.11990028442779209,0.9999999999999999,0.24655683636076894,0.2352002315818805,0.424739161670361,0.13644420572745383,0.20628424925175867,0.1614429614050549,0.1680848856254594,0.22467702680655838,0.44387735445735277,0.03183035070396152,0.3038400702934085,0.10823160722843975,0.2203970724177368,0.07939884455672182,0.20889004832671831,0.2789472175017627,0.44086798176245545,0.14363791428130826,0.17237710541432058,0.1915496600194902,0.1021054940485262,0.424739161670361,0.0,0.113341283243814,0.09735376873170823,0.21252319110217677,0.2127659574468085,0.07728116040079154,0.19253449766802577,0.14819897956091455,0.17560081436822503,0.17301929201165325,0.2084219669613948,0.15456232080158308,0.10314212462587935,0.09002982732126874,0.15456232080158308,0.08251369970070348,0.1856558243265828,0.12439408271422457,0.11678545896676293,0.10314212462587934,0.19355957712870311,0.14793410181646136,0.16808488562545934,0.18032487743269374,0.0280717307022173,0.22664461422018223,0.13099062926556154,0.225140756973417,0.1653953539259914,0.2245738456177384,0.3313644996238163,0.1786474002526241,0.18224227560060588,0.12892765578234916,0.08170073702056668,0.21226474130316747,0.1768872844193062,0.2655273953168417,0.06127555276542501
DB00675,0.16048217085700786,0.07207499701564471,0.07755667343294811,0.1494035761667992,0.0,0.1336306209562122,0.19639610121239312,0.13093073414159542,0.236951850387359,0.1389425035941821,0.24655683636076894,1.0,0.2096569673443837,0.42497214943205786,0.18070158058105024,0.23904572186687872,0.32071349029490925,0.173137462139922,0.21302148074901783,0.15826851764978614,0.03688555567816587,0.1980534816610477,0.21500681238973984,0.20896355709565745,0.11501092655705902,0.1760475392542646,0.30304576336566325,0.2161438102702613,0.10403129732205986,0.2663380569710851,0.17074694419062764,0.11832159566199234,0.42497214943205786,0.0,0.1313418206606237,0.11281521496355323,0.15672078199387574,0.22190115272469205,0.089554732567929,0.17162482629699222,0.15026857675938213,0.2645360014558559,0.14581652331529782,0.3105295017040594,0.13433209885189348,0.1673320053068151,0.13041013273932528,0.2238868314198225,0.11952286093343936,0.1673320053068151,0.2162249910469341,0.13533299049019168,0.2390457218668787,0.1246111965698067,0.14285714285714285,0.23806401044239275,0.23218173010628607,0.09759000729485331,0.18182745801939793,0.15179418517972906,0.11595420713048966,0.25555062599997586,0.2602400194529422,0.15811388300841894,0.1840174824912944,0.1583891032045364,0.20916500663351886,0.1183452670827877,0.2459760185072363,0.14348601079588785,0.4733810683311508,0.14201432049934523
DB00619,0.16192236278835684,0.10577717706958902,0.08536655898367082,0.21926450482675727,0.05063696835418334,0.17650452162436564,0.2882306768491569,0.19215378456610463,0.2407501692775223,0.18352066281439183,0.2352002315818805,0.2096569673443837,1.0000000000000002,0.4870441010647471,0.16574838603294897,0.33328204733667116,0.29417420270727607,0.14292918378096398,0.32999840028864064,0.24679184968430512,0.08119979429411503,0.27451509933939783,0.21036248913874006,0.2044497731087957,0.16878989451394447,0.25836715231943325,0.4150996173302168,0.27395615534602447,0.13740858372430334,0.2931580538930053,0.20047040441303524,0.1364382080481293,0.4870441010647471,0.0,0.1445678209772805,0.14191497503737985,0.2628608309814103,0.180923255062985,0.08214400968169071,0.2015011073736305,0.1732766974979083,0.19411635536525473,0.21400015046890875,0.20254787341673336,0.18071682129971955,0.1754116038614059,0.13397282541141675,0.21357442517239583,0.1578704434752653,0.2455762454059682,0.13222147133698628,0.2184759836322133,0.2192645048267573,0.14630339119189104,0.10482848367219183,0.22233428588149948,0.2555622163859946,0.09548198320525773,0.2816747403312185,0.20049566370935082,0.2127178149057585,0.18752289237539818,0.26257545381445874,0.19889806323953876,0.2869428206737056,0.21308068216216644,0.21926450482675727,0.15631503171567185,0.18049705127885604,0.1504142093990467,0.26052505285945304,0.17368336857296873
DB00072,0.537078568120175,0.3323340504622175,0.3188075408103868,0.41212312956417035,0.03919001878945916,0.4813666914889585,0.47683435477592595,0.4367047308591401,0.48701184159074806,0.47945915852711485,0.424739161670361,0.42497214943205786,0.4870441010647471,1.000000000000005,0.4428695238174922,0.44800208437328654,0.5110003767007413,0.43369567642955364,0.4448683598095146,0.4526272900590375,0.2922737253358985,0.5106144304109218,0.4864861847184298,0.5123703926990207,0.46094926861887675,0.4511022590343575,0.5168611845275891,0.5191710962126942,0.41863233489870527,0.42556317518225534,0.5144035477137098,0.4658069736957199,1.000000000000005,0.004571216621155248,0.46885957302630704,0.48030494072413077,0.40929936442906,0.38806623562346954,0.3487521211703232,0.5063731687516981,0.4423753596712589,0.4507037365010725,0.5052501393021425,0.49360761761009264,0.43533467903031664,0.42731511943830064,0.43167667128454956,0.4516824347101756,0.45834556684077943,0.4350727312889204,0.37716503674157825,0.4713954279535346,0.42343631351299077,0.36395412514069087,0.29593515133177845,0.45008363721231687,0.5098587731269667,0.22609087957141835,0.44419465435616273,0.38833997290564604,0.32769410245556274,0.37837888838848605,0.4513020280939207,0.4367609786613888,0.49889515982771804,0.4840269771785389,0.41939589067412636,0.4659916056709736,0.42240817742796605,0.5199722709021419,0.46471140895209734,0.3975010812110915
DB00254,0.33303977684016434,0.14245072057454744,0.12262786789699316,0.236227795630767,0.054554472558998104,0.23241742005034205,0.08625819491779428,0.17251638983558856,0.20173664619648224,0.24165612634006073,0.13644420572745383,0.18070158058105024,0.16574838603294897,0.4428695238174922,1.0,0.15118578920369088,0.21128856368212914,0.23953506879020425,0.13098420799889596,0.15640281177246362,0.11664236870396087,0.20876670019176635,0.1841426273927739,0.20191135200894694,0.2182178902359924,0.15657502514382476,0.19166296949998196,0.17087668565033004,0.2302830932359191,0.19301216174448899,0.17548350532571264,0.16035674514745465,0.4428695238174922,0.0,0.16873159278662866,0.1656353372172283,0.14159846508095775,0.1559362351170901,0.12389865694583803,0.16281760623877714,0.2036532699906392,0.22522130823072542,0.23055616708169396,0.21821789023599242,0.17699808135119718,0.2456769074559977,0.18557687223952257,0.21239769762143662,0.207880460155075,0.15118578920369088,0.19943100880436643,0.19258222162991087,0.1889822365046136,0.07881104062391008,0.06776309271789384,0.17109647770728875,0.22026692946430576,0.051434449987363975,0.15971914124998496,0.2640084484055256,0.09166984970282112,0.17677669529663687,0.1800205749557739,0.12500000000000003,0.1636634176769943,0.27130475811714666,0.21260501606769033,0.24325638628366392,0.25928148942086576,0.3403069548648863,0.20583232685540795,0.18712029714127995
DB00188,0.1678362716593378,0.09045340337332908,0.09733285267845751,0.25,0.0,0.17888543819998318,0.1460593486680443,0.16431676725154984,0.24399771253216745,0.18599622199011082,0.20628424925175867,0.23904572186687872,0.33328204733667116,0.44800208437328654,0.15118578920369088,1.0000000000000002,0.2906888370749727,0.14485719366802965,0.2772413120334688,0.21517753103661563,0.06172133998483677,0.22093790829559762,0.2248595066987584,0.19425717247145285,0.13471506281091267,0.22093790829559762,0.253546276418555,0.180838886035893,0.12185435916898847,0.3342516087186933,0.17142857142857143,0.11313708498984762,0.44800208437328654,0.0,0.1098884511589512,0.12135597524338358,0.2060488785479727,0.16502739940140695,0.1311220136214372,0.17230995806825714,0.12572371141874245,0.18727643676692468,0.22874785549890697,0.3175426480542942,0.16858544608470494,0.12000000000000001,0.13093073414159542,0.18731716231633883,0.14,0.2,0.21105794120443452,0.18116432546313532,0.3,0.10425720702853739,0.09561828874675149,0.21728579050204447,0.21368288971859814,0.05443310539518174,0.21974010622941434,0.17780017780026672,0.16977493752543305,0.29398736610366677,0.29938207967349956,0.15118578920369088,0.23094010767585033,0.1987767469347238,0.24999999999999997,0.1386206560167344,0.2743977362280141,0.15434872662825794,0.2574383611739353,0.21783245945486834
DB00813,0.2064113218862204,0.2022599587389726,0.10882143751650175,0.22360679774997896,0.0,0.19999999999999998,0.22453655975512463,0.1632993161855452,0.20459830184114203,0.20795009796401454,0.1614429614050549,0.32071349029490925,0.29417420270727607,0.5110003767007413,0.21128856368212914,0.2906888370749727,1.0,0.16195526603578322,0.19926334924652145,0.16655247229446118,0.10350983390135313,0.2058467423981546,0.2011204569461973,0.23890473351968813,0.25819888974716115,0.18526206815833912,0.2645751311064591,0.22056438662814234,0.1556997888323046,0.2283750695977849,0.2555506259999759,0.18973665961010278,0.5110003767007413,0.0,0.1842885350501854,0.19598237397554635,0.2303696495604325,0.18450624160577703,0.16754156331667822,0.27291855210387267,0.20080483222562473,0.26648544566940835,0.2557478773014275,0.32274861218395146,0.18848425873126298,0.22360679774997896,0.21957751641342,0.23036964956043252,0.22360679774997896,0.22360679774997896,0.23596995186213465,0.20254787341673336,0.30745934690622106,0.13987572123604708,0.18708286933869706,0.28342171556262064,0.2823419577959951,0.12171612389003693,0.18898223650461363,0.17038855027411945,0.16269784336399212,0.35856858280031806,0.3042903097250923,0.1267731382092775,0.3442651863295482,0.24693239916239743,0.25155764746872633,0.22140372138502382,0.23008949665421116,0.19174124721184263,0.2435440935235262,0.22140372138502382
DB01698,0.2735132772181132,0.1364877726081535,0.14686837386151166,0.1358036190637778,0.0,0.24293289905367485,0.16529490122682156,0.14876541110413938,0.1518722901902783,0.2946878675818802,0.1680848856254594,0.173137462139922,0.14292918378096398,0.43369567642955364,0.23953506879020425,0.14485719366802965,0.16195526603578322,0.9999999999999998,0.1434299943928958,0.2547549162829094,0.13969968905677815,0.1666898196384623,0.14929070342064849,0.298982706574824,0.19165973694608274,0.20002778356615472,0.19894334452942297,0.22325977446487583,0.2679242576717936,0.1344965278278173,0.1552041360728889,0.15364425591947517,0.43369567642955364,0.0,0.16166853474090326,0.1464940500716952,0.23742458651628184,0.14940878722263054,0.11871229325814092,0.16900228154620142,0.1951284001462312,0.15413829017161884,0.1932920056967178,0.18294793072126087,0.16958899036877273,0.16296434287653336,0.15805215593871993,0.16958899036877276,0.18107149208503706,0.16296434287653336,0.1364877726081535,0.24602771043141894,0.15843755557440742,0.15102406429820703,0.10821091383745125,0.180327868852459,0.21104661640575817,0.07392212709545729,0.13773000775113897,0.2529571274000506,0.15370700628187056,0.14518017554874818,0.14784425419091457,0.15398682993655988,0.15681251204679497,0.15996800959680113,0.3395090476594445,0.19721624229023174,0.18632102821336105,0.2639547899689282,0.21514499158934372,0.19721624229023174
DB00398,0.13294613760468715,0.0597081434026532,0.1284985132406471,0.19802950859533483,0.05716619504750295,0.15498260496951666,0.2711630722733202,0.23500799597021085,0.19629491013896927,0.13812277665483924,0.22467702680655838,0.21302148074901783,0.32999840028864064,0.4448683598095146,0.13098420799889596,0.2772413120334688,0.19926334924652145,0.1434299943928958,1.0,0.27861365863190496,0.061113233135214086,0.4192921601778092,0.17811527045817818,0.23081191443384608,0.15244318679334118,0.25522131489084043,0.2510482226267169,0.30928058136168074,0.1378900506653384,0.20225236112205355,0.16973957879600124,0.09801960588196071,0.4448683598095146,0.0,0.09520505742697934,0.12016032071277437,0.1854716280248858,0.1429762897859917,0.11128297681493146,0.1706122816116986,0.19561932335813415,0.1517165212272521,0.15099608472228407,0.22866478019001182,0.352396093247283,0.1386206560167344,0.12964074471043285,0.20401879082737434,0.1386206560167344,0.3960590171906697,0.1194162868053064,0.1345345587992625,0.19802950859533483,0.12387602085230007,0.09467621366623016,0.25100249018756765,0.15387460962256405,0.08084520834544431,0.21757512627648798,0.15089863644835708,0.16810223724982593,0.13231403100624076,0.26948402781814773,0.22454435656953595,0.19055398349167646,0.17494960673627816,0.14852213144650112,0.1372549019607843,0.1698089027028311,0.13584712216226488,0.25490196078431365,0.15686274509803919
DB01259,0.19446320144486856,0.09981302570118993,0.13425540338526365,0.12414088329035519,0.047781848256749665,0.16655247229446116,0.4835183081723996,0.2568691012165873,0.12620871481070603,0.1731730146489101,0.44387735445735277,0.15826851764978614,0.24679184968430512,0.4526272900590375,0.15640281177246362,0.21517753103661563,0.16655247229446118,0.2547549162829094,0.27861365863190496,1.0000000000000002,0.07662141663581955,0.2590368113879793,0.1240633679014107,0.2250757317768682,0.1114909792657492,0.35046156834844255,0.22382548415701317,0.46259573791221065,0.17288123177163914,0.15368255536133624,0.1536982364547255,0.09363291775690447,0.4526272900590375,0.0,0.10231237042710944,0.08927548420311772,0.26354213716778885,0.17072205940667412,0.07751239328464378,0.1544884639589598,0.16350664613972232,0.15499108186477586,0.1766922007349884,0.19112739302699866,0.1705272652262163,0.11586482440433152,0.09029920547884623,0.24803965851086007,0.11586482440433152,0.24828176658071033,0.12476628212648741,0.16867424537771253,0.1448310305054144,0.20708130831852892,0.09891782353111633,0.19481258303987184,0.19292205580874422,0.09009831711993146,0.26579276243645306,0.18919089532549122,0.16057912918074005,0.19906827984171396,0.1801966342398629,0.23460421765869544,0.20705467577924852,0.16450880628040013,0.2275916193656512,0.11472327120137266,0.19870653453128087,0.18451321063618933,0.24583558114579848,0.08194519371526618
DB00958,0.15538619377310117,0.3721936841593883,0.15018785229652765,0.11572751247156893,0.08908708063747481,0.17251638983558856,0.08451542547285165,0.0563436169819011,0.14118624160050353,0.14349920066683505,0.03183035070396152,0.03688555567816587,0.08119979429411503,0.2922737253358985,0.11664236870396087,0.06172133998483677,0.10350983390135313,0.13969968905677815,0.061113233135214086,0.07662141663581955,1.0000000000000002,0.08522864845907044,0.1387863006177675,0.11989812986603615,0.14847846772912465,0.05681909897271362,0.052164053095730106,0.10146925788636821,0.13430382733756338,0.05730682550612528,0.13226001425322162,0.1527525231651947,0.2922737253358985,0.0,0.14836636618975407,0.14564381625088385,0.11561466260321601,0.03183035070396152,0.173421993904824,0.13294001880879833,0.13856849886842332,0.07881104062391006,0.16471728186725412,0.08908708063747481,0.11561466260321601,0.1543033499620919,0.2357022603955159,0.11561466260321601,0.1851640199545103,0.06172133998483677,0.18609684207969415,0.17471413945365305,0.11572751247156893,0.09652341781316803,0.07377111135633174,0.13969968905677815,0.2397962597320723,0.16798421022632323,0.07824607964359516,0.11757927025044308,0.03742405942825598,0.041239304942116126,0.08399210511316162,0.11664236870396087,0.14847846772912465,0.20447945297729914,0.1543033499620919,0.18333969940564226,0.05292561240249632,0.15877683720748895,0.09166984970282113,0.18333969940564226
DB09078,0.23175871747841115,0.13878184541334224,0.08960215366342483,0.2531580199220389,0.0531494003452734,0.16467739391852368,0.3697609549990479,0.2689170581811257,0.21057946967096725,0.17122340098907804,0.3038400702934085,0.1980534816610477,0.27451509933939783,0.5106144304109218,0.20876670019176635,0.22093790829559762,0.2058467423981546,0.1666898196384623,0.4192921601778092,0.2590368113879793,0.08522864845907044,1.0000000000000002,0.19319995749601404,0.21459386678629971,0.17716466781757798,0.305084745762712,0.34233212424921244,0.3934879907959017,0.22435206026247334,0.20513569798540737,0.263021319399521,0.14320780207890627,0.5106144304109218,0.0,0.13909571353849887,0.14895630738580834,0.17243942512516183,0.20889004832671834,0.12070759758761329,0.26437362301460327,0.19840809874297355,0.15672903110733746,0.1684635757367738,0.265747001726367,0.17243942512516183,0.22093790829559762,0.20088585092257696,0.15519548261264565,0.20252641593763115,0.1841149235796647,0.11102547633067379,0.20846909961254162,0.1841149235796647,0.2303436924562613,0.15404159684748153,0.2667037114215397,0.1967110445541081,0.1002194704003772,0.2800899198402647,0.1870609494179823,0.11163607017227663,0.17222374095679302,0.2004389408007544,0.4349306253995132,0.23031406816285138,0.3049813797608418,0.1380861926847485,0.20053103312851744,0.15787724448766818,0.23681586673150223,0.23699122097006614,0.16407084528696886
DB01248,0.2641770687603426,0.15819461514694905,0.09727207661715949,0.16864463002406882,0.0,0.20112045694619726,0.12316062408839397,0.15052965166359264,0.8686990835304701,0.1742625780188712,0.10823160722843975,0.21500681238973984,0.21036248913874006,0.4864861847184298,0.1841426273927739,0.2248595066987584,0.2011204569461973,0.14929070342064849,0.17811527045817818,0.1240633679014107,0.1387863006177675,0.19319995749601404,1.0000000000000002,0.23296305053134153,0.24522064936448545,0.15179996660401102,0.21537976464295924,0.17251115087387112,0.195715079227372,0.18093990260125437,0.22485950669875845,0.22259955480133564,0.4864861847184298,0.0,0.21620780054555833,0.2526670808164257,0.15444016395376509,0.13915492357942252,0.1965602086684283,0.21525295650284482,0.2019297980711106,0.16589137376977423,0.2400352730807878,0.3029196256855409,0.18252019376354056,0.17988760535900672,0.19627346860523623,0.16848017885865282,0.19487823913892396,0.17988760535900675,0.20339307661750589,0.20368260427526963,0.18738292224896536,0.12503052875854534,0.10750340619486992,0.19000634980809808,0.2620834318477592,0.06119900613621046,0.1900409688026111,0.15230499150902668,0.10907288200508976,0.16025661604300076,0.22439635583277168,0.12748335742576655,0.18752167304343004,0.23176139912035673,0.18738292224896536,0.2226440880727227,0.20566979869162433,0.28279597320098343,0.19295820966302632,0.20780114886787449
DB01101,0.29343059613624234,0.14642685316435566,0.2521013966653018,0.21853931903038443,0.0,0.36921640634860897,0.3014639334060611,0.23053124319287027,0.22217955809063075,0.45163875217714483,0.2203970724177368,0.20896355709565745,0.2044497731087957,0.5123703926990207,0.20191135200894694,0.19425717247145285,0.23890473351968813,0.298982706574824,0.23081191443384608,0.2250757317768682,0.11989812986603615,0.21459386678629971,0.23296305053134153,1.0,0.22430886163681768,0.2861251557150663,0.24626591373866952,0.28742114187998086,0.2198029160366795,0.18036325667702163,0.20813268479084235,0.21977690231790248,0.5123703926990207,0.0,0.2268078354749304,0.22264587023667806,0.1637446603812667,0.12021658495512916,0.12735695807431854,0.20920278276883902,0.17444809066301298,0.21497149272696867,0.20736758755125537,0.19627025393221553,0.236520064995163,0.23310860696574343,0.16956156135971895,0.2547139161486371,0.17483145522430757,0.21368288971859814,0.14642685316435566,0.351924696171667,0.14569287935358963,0.14176897172994188,0.2786180761275433,0.17587218033813176,0.24528301886792453,0.10574021142908589,0.1477595482432017,0.17269479902200693,0.14134285422946366,0.12979353291279128,0.23791547571544325,0.1652001970982293,0.2803860770460221,0.2574253920840865,0.16997502591252123,0.19234326202820506,0.13325932093055393,0.2831760569774271,0.23081191443384608,0.19234326202820506
DB01234,0.32300105540767277,0.17407765595569782,0.15609763526361564,0.16839382851364082,0.0,0.25819888974716115,0.12297746456210362,0.14054567378526128,0.2494610901255934,0.20134681656420728,0.07939884455672182,0.11501092655705902,0.16878989451394447,0.46094926861887675,0.2182178902359924,0.13471506281091267,0.25819888974716115,0.19165973694608274,0.15244318679334118,0.1114909792657492,0.14847846772912465,0.17716466781757798,0.24522064936448545,0.22430886163681768,0.9999999999999999,0.14173173425406238,0.14638501094227996,0.17401229922129147,0.18425693279752214,0.16081688022566923,0.21994295969128602,0.21773242158072695,0.46094926861887675,0.0,0.22469794928680747,0.2335496832484569,0.09012301173931252,0.09924855569590227,0.21629522817435004,0.2072566680724196,0.25923792368260634,0.18020683530042983,0.2054385448093122,0.16666666666666669,0.19827062582648752,0.19245008972987526,0.35696644673093675,0.19827062582648752,0.5581052602166383,0.1539600717839002,0.14506471329641485,0.2396974985022249,0.14433756729740643,0.10032154423814099,0.13801311186847082,0.13938889959715112,0.24300126677321915,0.07856742013183861,0.14638501094227996,0.17108830085824553,0.09335200560186731,0.10286889997472794,0.15713484026367722,0.14547859349066158,0.2037037037037037,0.19127301391900148,0.12028130608117202,0.5907173488241969,0.13201967239688991,0.2475368857441686,0.13338778844417354,0.2858309752375147
DB08881,0.16995639281750152,0.055512738165336896,0.2688064609902745,0.1841149235796647,0.0531494003452734,0.18526206815833915,0.2857243743174461,0.3193390065900868,0.14038631311397817,0.1926263261127128,0.20889004832671831,0.1760475392542646,0.25836715231943325,0.4511022590343575,0.15657502514382476,0.22093790829559762,0.18526206815833912,0.20002778356615472,0.25522131489084043,0.35046156834844255,0.05681909897271362,0.305084745762712,0.15179996660401102,0.2861251557150663,0.14173173425406238,1.0000000000000004,0.23340826653355393,0.31781722333515133,0.12820117729284186,0.20513569798540737,0.17096385760968866,0.10415112878465912,0.4511022590343575,0.0,0.10116051893709009,0.11171723053935625,0.25865913768774274,0.11394002636002817,0.06897577005006474,0.17184285495949214,0.16534008228581132,0.2037477404395387,0.14038631311397817,0.2125976013810936,0.24141519517522655,0.16570343122169823,0.14062009564580388,0.27590308020025894,0.14729193886373176,0.25776089301153055,0.13878184541334224,0.18762218965128744,0.1841149235796647,0.15356246163750753,0.11002971203391539,0.1666898196384623,0.1967110445541081,0.1002194704003772,0.24896881763579087,0.23382618677247785,0.13396328420673195,0.14762034939153687,0.2004389408007544,0.2261639252077469,0.3011799352898825,0.20332091984056122,0.1841149235796647,0.12761065744542022,0.15787724448766818,0.15787724448766818,0.2005310331285175,0.12761065744542022
DB09330,0.2411408164541228,0.1019294382875251,0.10968169942141634,0.21128856368212912,0.0,0.22677868380553634,0.2931763649279745,0.18516401995451026,0.21910418644624854,0.2161438102702613,0.2789472175017627,0.30304576336566325,0.4150996173302168,0.5168611845275891,0.19166296949998196,0.253546276418555,0.2645751311064591,0.19894334452942297,0.2510482226267169,0.22382548415701317,0.052164053095730106,0.34233212424921244,0.21537976464295924,0.24626591373866952,0.14638501094227996,0.23340826653355393,0.9999999999999999,0.36125050934487346,0.20597146021777488,0.2511059282297378,0.289767173049777,0.11952286093343936,0.5168611845275891,0.0,0.11609086505314299,0.12535663410560174,0.2532990347445214,0.2615130164079025,0.11081832770072812,0.2912569883869596,0.18215302221567492,0.30216609311120096,0.19332722333492516,0.26837252006084666,0.1583118967153259,0.18593393604027367,0.18442777839082938,0.22163665540145622,0.16903085094570333,0.20283702113484398,0.15289415743128765,0.22966770070528583,0.1901597073139162,0.2290948974763284,0.10101525445522107,0.27546001550227794,0.22984818615609154,0.09200874124564723,0.2571428571428572,0.17173551629643674,0.18448201388042723,0.22587697572631282,0.2530240384255299,0.25555062599997597,0.24397501823713327,0.2053296830603033,0.16903085094570328,0.1506289335760301,0.1739313106957345,0.24640269015229058,0.30125786715206027,0.16736548175114457
DB08916,0.17934873511036284,0.1487044791289829,0.16001422411879948,0.1643989873053573,0.047457899787624956,0.20218402107579708,0.6153077308173558,0.2851426069641405,0.17549427369736506,0.19110994086122907,0.44086798176245545,0.2161438102702613,0.27395615534602447,0.5191710962126942,0.17087668565033004,0.180838886035893,0.22056438662814234,0.22325977446487583,0.30928058136168074,0.46259573791221065,0.10146925788636821,0.3934879907959017,0.17251115087387112,0.28742114187998086,0.17401229922129147,0.31781722333515133,0.36125050934487346,1.0,0.18601823728544628,0.19843281603361562,0.2113701265354594,0.13949716649258315,0.5191710962126942,0.0,0.13549162565314346,0.14408910701947863,0.18476851073831602,0.1865210692071927,0.13857638305373698,0.18885055072700038,0.1919250434911851,0.251902280868858,0.21310018948965756,0.2135605490443123,0.18476851073831602,0.14795908857482157,0.17937400083354382,0.21556326252803537,0.180838886035893,0.24659848095803594,0.09913631941932194,0.186145197762485,0.18494886071852695,0.2056773510573183,0.17684493567566834,0.22325977446487583,0.19161409458665393,0.15660307954993904,0.27788500718836423,0.16702953813186466,0.15949044456578,0.15378117130731137,0.2237186850713415,0.29515063885057,0.2689280987965414,0.18154831053289933,0.1643989873053573,0.162779253348253,0.14097096860865024,0.1832622591912453,0.2604468053572048,0.162779253348253
